0000011000000001 1
0000011000000100 1
0000011000000110 1
000001100000101 1
000001100000111 1
0000100100000100 2
0000110100001000 3
0000110100001001 3
0000110100001100 4
0000110100001101 4
0000110100001110 4
0000110100010000 5
0000111110100110 6
0000111111100 6
0000111111101 4
000011111111 4
000100000000 4
000100000000011 5
000100000000100 5
000100000000111 5
000100000100 4
0001000001000010 6
000100001000100 5
000100010 4
000100010100 4
0001000101001000 4
0001000101010001 7
0001000101010010 8
0001000101010011 9
0001000101010100 10
0001000101010110 10
0001000101010111 4
0001000101100110 4
0001000101100111 4
0001000101101000 4
000100010110101 4
0001000101101100 4
0001000101110000 4
000100011 4
0001000111111011 4
0001010000 2
00010100000001 2
0001010010001001 2
0001010010001010 2
0001010010001011 2
0001100000010101 4
0001100000100010 4
0001100000100100 11
0001100000100101 12
0001100000101010 13
0001100000101011 13
0001100000101100 5
00011000001011 5
0001100000110 5
0001100000111001 11
0001100000111100 4
0001100000111101 4
0001100000111110 4
0001100000111111 4
0001100001000000 9
0001100001000 9
0001100001000001 9
0001100001000010 9
0001100001000011 9
000110000100010 9
000110000100011 9
00011000010011 9
0001100001010 9
0001100001011011 4
0001100001100010 4
000110000110110 9
0001100001110000 13
0001100001110010 13
000110000111010 4
0001100001110111 4
0001100001111000 5
0001100010000000 4
0001100010000100 14
0001100010001101 11
0001100010010011 4
0001100010010110 11
0001100010011010 6
0001100010011011 15
0001100010011100 13
0001100010011101 13
0001100010111 9
0001100011000011 16
00011000110010 12
0001100011011000 5
0001100011011001 4
0001100011011010 4
0001100011101010 5
0001100011101101 6
000110001111000 5
0001100011111 4
0001100011111011 5
0001100101010101 17
0010000000111011 4
0010000001100 4
001000000110100 4
0010000001110010 4
001000001110 5
0010000011101001 4
0010001011111110 5
0010011011100101 4
0010100000001000 4
0010100000001001 4
0010100000001100 4
0010100000001101 4
0010100000010111 4
0010100000011011 4
0010100000100101 4
0010100010010000 4
0010100010010110 4
0010100010011010 4
0010100010111110 4
0010100010111111 4
0010100011000000 4
0010100011000010 4
0010100011000100 4
0010100011000101 4
0010100011001010 4
0010100011001101 4
0010100011010000 4
0010100011010010 4
0010100011010110 4
0010101111100000 14
0010101111100011 14
0010101111100111 14
00101011111010 5
0010101111110011 14
0010101111110100 16
0010101111110101 18
0010101111111100 16
0010101111111101 18
0010101111111111 5
0010110010110001 19
00101111000010 4
00101111000100 4
001011110010111 4
0010111101000001 4
00101111010100 6
00101111011001 6
001011110110100 6
001011110111001 4
0010111110000 4
00101111100011 4
0010111110011010 6
0010111110100000 17
0010111110100001 20
0010111110100010 20
0010111110100011 17
0010111110100100 20
001011111010010 17
0010111110100110 17
00101111101110 4
0010111111010011 17
0010111111100110 6
0010111111101010 4
0010111111101101 20
0010111111110011 6
0010111111111000 4
0010111111111001 4
0010111111111011 17
0011010010011111 4
0011011100000001 8
0011011100000010 4
0011011100000011 5
0011011100000101 8
0011011100000110 5
0011011100000111 1
0011011100001000 9
0011011100001010 5
0011011100001011 5
0011011100001101 4
0011011100001110 4
0011011100001111 5
0011011100010000 8
0011011100010001 5
0011011100010010 5
0011011100010011 5
0011011100010100 5
0011011100010101 1
0011011100010110 21
0011011100010111 4
0011011100011000 9
0011011100011001 5
0011011100011010 9
0011011100011011 5
0011011100011100 5
0011011100011101 5
0011011100011110 4
0011011100011111 22
0011011100100000 5
0011011100100001 5
0011011100100010 1
0011011100100011 9
0011011100100100 5
0011011100100101 4
0011011100100110 8
0011011100100111 5
0011011100101000 5
0011011100101001 23
0011011100101010 5
0011011100101011 5
0011011100101100 4
0011011100101101 9
0011011100101110 4
0011011100101111 1
0011011100110000 4
0011011100110001 4
0011011100110010 1
0011011100110011 5
0011011100110100 4
0011011100110101 9
0011011100110110 8
0011011100110111 5
0011011100111000 5
0011011100111001 5
0011011100111010 8
0011011100111011 5
0011011100111100 1
0011011100111101 5
0011011100111110 5
0011011100111111 5
0011011101000000 4
0011011101000001 5
0011011101000010 5
0011011101000011 5
0011011101000100 5
0011011101000101 5
0011011101000110 5
0011011101000111 5
0011011101001000 1
0011011101001001 5
0011011101001010 5
0011011101001011 5
0011011101001100 4
0011011101001101 4
0011011101001110 5
0011011101001111 8
0011011101010000 5
0011011101010001 14
0011011101010010 22
0011011101010011 1
0011011101010100 4
0011011101010101 8
0011011101010110 5
0011011101010111 5
0011011101011000 1
0011011101011001 4
0011011101011010 4
0011011101011011 1
0011011101011100 5
0011011101011101 8
0011011101011110 5
0011011101011111 5
0011011101100000 5
0011011101100001 5
0011011101100010 4
0011011101100011 4
0011011101100100 8
0011011101111110 5
0011011110111100 5
0011011110111101 5
0011011110111110 5
0011011110111111 5
0011011111000000 5
0011011111000001 5
0011011111000010 5
0011011111000011 5
0011011111101111 5
0011011111110001 5
0011011111110010 5
0011100100001100 24
001110010100011 10
001110010100100 20
001110100000000 14
001110100000010 14
001110100000110 14
001110100000111 6
0011101000011100 6
0011101000100 9
001110100010100 9
00111011000 5
0011101100100 9
0011101100101010 9
00111011001011 9
0011101100110000 9
00111011001110 9
00111011010000 6
0011101101000 25
00111011010010 25
0011101101001100 25
0011101101010100 25
0011101101010101 25
0011101101010111 14
001110110101100 4
0011101101011100 14
001110110101110 4
0011101101011101 14
0011101101011110 14
001110110101111 12
0011101101011111 14
0011101101101000 26
001110110110100 2
0011101101101001 26
0011101101101010 14
0011101101101100 9
0011101101101101 9
0011101101110000 13
0011101101110001 13
0011101101110010 13
0011101101110011 13
0011101101110100 13
0011101101110101 13
0011101101110110 13
0011101101110111 13
0011101101111000 13
0011101101111001 13
0011101101111010 13
0011101101111011 13
0011101110000001 9
0011101110000010 9
0011101110000101 5
0011101110000110 9
0011101110000111 5
0011101110001000 9
0011101110001001 5
0011101110001010 9
001110111001000 21
0011101110010100 4
001110111001010 4
0011101110010101 4
0011101110010110 6
001110111001110 18
001110111001111 14
00111011101000 27
0011101110100100 4
001110111010010 27
0011101110100101 4
0011101110100110 18
0011101110101000 18
0011101110101001 18
0011101110101010 18
0011101110101011 18
00111011101100 27
0011101110110100 27
0011101110110101 27
001110111011011 5
001110111011100 27
001110111011101 5
0011101110111100 4
0011101110111101 6
0011101110111110 18
0011110000000 4
001111000000100 4
0011110000001010 4
0011110000001011 4
0011110000001100 6
001111000000111 4
0011110000010 6
00111100000110 6
001111000001110 6
0011110000011110 6
0011110000011111 4
001111000010 14
0011110000110000 4
0011110000110001 4
0011110000110010 4
0011110000110011 4
0011110000110100 4
0011110000110101 4
0011110000110110 4
0011110000110111 9
0011110000111000 18
0011110000111010 18
0011110000111011 18
0011110000111100 18
0011110000111101 18
0011110000111111 9
0011110001000000 6
0011110001000010 6
0011110001000011 6
0011110001000100 6
0011110001000101 6
0011110001000110 6
0011110001000111 6
0011110001001010 6
0011110001001100 6
0011110001001110 6
0011110001010000 6
0011110001010001 6
0011110001010010 6
0011110001010011 6
0011110001010100 6
0011110001010101 6
0011110001010110 6
0011110001010111 6
0011110001011000 6
0011110001011001 6
0011110001011010 6
0011110001011011 6
0011110001011100 6
0011110001011101 6
0011110001011111 6
0011110001100000 6
0011110001100001 6
0011110001100010 6
0011110001100011 14
0011110001100100 14
0011110001100101 14
0011110001100110 14
0011110001101000 6
0011110001101001 6
0011110001101011 6
0011110001101100 6
0011110001101101 6
0011110001101110 6
0011110001101111 6
0011110001110001 6
0011110001110010 6
0011110001110011 6
0011110001110100 6
0011110001110110 6
0011110001110111 6
0011110001111000 6
0011110001111001 6
0011110001111010 6
0011110001111100 6
0011110001111101 6
0011110001111110 6
0011110001111111 6
0011110010000101 14
0011110010000110 14
0011110010000111 6
0011110010001000 14
0011110010001001 14
0011110010001010 14
0011110010001100 14
0011110010001111 14
0011110010010000 14
0011110010010010 14
0011110010010101 14
0011110010010111 6
0011110010011000 14
0011110010011001 14
0011110010011010 14
0011110010011011 14
0011110010011100 14
0011110010011101 14
0011110010100000 9
001111001010000 9
0011110010100001 9
0011110010100010 13
001111001010001 9
0011110010100100 9
001111001010010 9
0011110010100101 9
001111001010011 9
0011110010101 9
001111001011 9
001111001100001 9
001111001100010 5
0011110011000110 10
0011110011010 6
001111001101100 6
001111001101101 4
00111100110111 4
0011110011100 10
0011110011101000 6
0011110011101001 6
0011110011101010 9
001111001110110 14
0011110011110000 5
0011110011111000 13
0011110011111111 20
0011110100000000 4
0011110100000001 28
0011110100001010 14
0011110100001111 14
0011110100010010 14
0011110100010100 14
0011110100010101 18
0011110100010110 18
0011110100010111 18
0011110100011000 18
0011110100011001 18
0011110100011010 18
0011110100011011 18
0011110100011110 5
0011110100011111 5
0011110100100 5
00111101001010 5
0011110100101110 5
0011110100110000 6
0011110100110001 6
0011110100110011 6
001111010011010 4
0011110100110110 4
0011110100110111 4
0011110100111011 2
0011110100111110 14
0011110101000100 10
001111010100010 10
0011110101000110 26
0011110101000111 26
0011110101001 5
00111101010100 5
001111010101010 5
0011110101010110 18
0011110101011001 18
0011110101011100 4
0011110101011101 4
0011110101011110 5
0011110101100010 2
0011110101100011 14
0011110101100111 20
0011110101101000 14
0011110101101001 2
0011110101101011 20
0011110101101100 2
0011110101101111 4
0011110101110000 14
0011110101110001 14
0011110101110100 5
0011110101110110 14
0011110101110111 14
0011110101111011 5
0011110101111100 14
001111010111111 14
0011110110000001 9
001111011000110 9
00111101100011 9
0011110110001101 9
001111011000111 9
0011110110010000 9
001111011001000 9
0011110110010001 9
0011110110010010 9
0011110110010011 9
001111011001010 6
0011110110010111 10
0011110110011000 9
0011110110011001 9
0011110110011010 9
0011110110011011 9
0011110110011100 6
0011110110011101 9
0011110110100000 9
0011110110100010 6
0011110110100011 4
0011110110100100 9
0011110110100101 9
0011110110100110 9
0011110110100111 4
0011110110101000 4
0011110110101001 9
0011110110101010 9
0011110110101011 9
0011110110101100 9
0011110110101101 9
0011110110101110 9
0011110110101111 9
0011110110110000 6
0011110110110001 9
0011110110110010 9
0011110110110011 6
0011110110110101 6
0011110110110110 4
0011110110110111 9
0011110110111000 9
0011110110111001 9
0011110110111011 9
0011110110111100 9
0011110110111110 9
0011110110111111 9
0011110111000010 16
0011110111000100 5
0011110111000101 16
0011110111000111 14
0011110111001001 5
0011110111001111 14
0011110111010000 14
0011110111010001 5
0011110111010010 14
0011110111010100 14
0011110111010110 14
0011110111011000 6
0011110111011001 4
0011110111011010 4
0011110111011011 13
0011110111011100 13
00111101110111 13
0011110111011101 13
0011110111011110 13
0011110111011111 4
0011110111100000 4
00111101111000 13
0011110111100001 4
0011110111100010 4
0011110111100011 4
0011110111100100 4
0011110111100101 4
0011110111100110 4
0011110111100111 20
0011110111101000 4
0011110111101001 4
0011110111101010 4
0011110111101011 4
0011110111101100 4
0011110111101101 4
0011110111101110 4
0011110111101111 4
0011110111110100 4
0011110111110110 21
0011110111111000 4
0011110111111001 4
0011110111111101 2
001111011111111 14
0011111000000000 5
0011111000000001 5
0011111000000010 5
0011111000000110 17
0011111000000111 17
0011111000001001 17
001111100000101 23
0011111000001110 12
001111100000111 12
0011111000001111 12
0011111000010001 17
0011111000010100 19
0011111000010110 17
0011111000010111 5
001111100001101 23
0011111000011100 4
001111100001111 17
0011111000100001 6
001111100010001 13
0011111000100100 20
0011111000100101 20
0011111000100110 9
0011111000100111 12
0011111000101001 17
0011111000101010 19
0011111000101011 23
001111100010111 17
0011111000110001 13
00111110001101 16
0011111000110110 16
0011111000111001 8
001111100011101 13
0011111001000011 5
0011111001000110 17
0011111001000111 19
0011111001001010 6
0011111001001100 29
0011111001001111 17
0011111001010010 8
0011111001010011 12
0011111001010110 13
0011111001011010 4
0011111001011011 19
0011111001011100 1
0011111001011110 6
0011111001100000 5
0011111001100111 13
0011111001101000 5
0011111001101011 19
0011111001101110 13
0011111001110010 5
0011111001110011 19
0011111001110110 5
0011111001110111 13
0011111001111010 6
0011111001111011 13
0011111001111101 17
0011111001111111 1
0011111010000011 6
0011111010000100 17
0011111010000110 13
001111101000100 5
0011111010001010 16
0011111010001011 28
0011111010001110 5
0011111010001111 5
0011111010010000 23
0011111010010010 13
0011111010010011 5
0011111010010110 8
0011111010011001 4
001111101001101 4
00111110100111 4
001111101010000 20
0011111010100010 19
0011111010100011 14
0011111010100110 13
0011111010100111 4
001111101010101 30
0011111010101100 17
0011111010110010 14
001111101011001 14
0011111010110100 13
0011111010111100 17
0011111010111101 17
0011111010111110 17
0011111010111111 17
0011111011000010 14
001111101100001 14
0011111011000011 14
0011111011000100 6
001111101100011 23
0011111011001000 4
001111101100101 13
0011111011001110 5
0011111011001111 13
0011111011010000 5
0011111011010010 31
0011111011010110 30
0011111011010111 12
0011111011011010 5
001111101101111 13
00111110111000 4
0011111011100100 13
0011111011100101 20
0011111011101000 30
0011111011101010 20
0011111011101011 5
001111101110110 17
0011111011101110 17
0011111011101111 17
001111101111001 17
0011111011110110 23
0011111011110111 17
0011111011111010 13
0011111011111100 5
00111110111111 5
0011111011111101 5
0011111011111110 5
0011111011111111 5
001111110000 5
001111110001 5
001111110010 5
0011111100101000 20
001111110011 5
001111110100 5
001111110101 5
001111110110 5
001111110111 5
0011111110000010 5
0011111110001001 28
001111111001 5
0011111110011 16
001111111010 6
001111111011000 6
0011111110110010 6
0011111110110011 6
0011111110110100 6
0011111110110101 6
0011111110110110 6
0011111110110111 6
0011111110111000 6
0011111110111 6
0011111110111001 6
0011111110111010 6
0011111110111011 6
0011111110111100 6
0011111110111101 6
0011111110111110 6
0011111110111111 6
001111111100 9
0011111111010 5
0011111111011 9
001111111110 5
00111111111010 16
001111111111000 4
0011111111110010 4
0011111111110100 21
0011111111111000 5
01000000000000 21
010000000000101 5
0100000000001100 16
0100000000001110 28
0100000000011000 5
0100000000100100 5
0100000000101011 5
0100000000101111 5
0100000000110000 21
0100000000110011 5
0100000000110110 9
0100000000110111 5
0100000000111100 5
0100000001010001 13
0100000001010110 12
01000000011000 4
0100000001100110 4
0100000001101000 4
0100000001101001 9
0100000001101011 32
010000000110110 9
0100000001110010 5
0100000001110011 5
010000000111010 5
0100000001111001 27
0100000001111011 9
010000000111110 15
0100000010000000 5
0100000010000100 5
0100000010000101 6
0100000010000110 5
010000001001000 5
0100000010011 5
010000001010 9
0100000010110000 9
0100000010110001 9
0100000010110100 5
0100000010111100 5
010000001100000 9
0100000011001000 9
0100000011001100 5
010000001100110 5
0100000011010000 2
010000001101010 2
01000000110101 2
0100000011010110 2
01000000110110 9
010000001101110 21
0100000011100000 4
0100000011100001 4
0100000011100010 4
0100000011100011 4
0100000011100100 9
0100000011100101 9
0100000011100111 9
0100000011101000 5
0100000011101100 16
01000000111100 28
010000001111010 21
010000001111100 5
0100000011111100 9
010000010000 9
0100000100000010 9
0100000100001000 9
0100000100001001 9
0100000100001010 9
0100000100001011 9
0100000100010000 4
010000010001010 4
0100000100010110 4
01000001000111 16
0100000100100001 16
0100000100100011 16
0100000100101000 6
0100000100101001 6
010000010010101 9
0100000100101101 21
0100000100110001 13
010000010011010 26
01000001001101 26
0100000100110111 26
01000001001110 5
0100000101000 9
0100000101001000 9
0100000101001001 3
0100000101001100 6
0100000101001101 9
010000010101000 9
01000001010100 9
0100000101010010 9
0100000101010011 5
010000010101010 5
0100000101010110 5
01000001010110 33
0100000101011100 9
0100000101011101 9
0100000101011110 9
0100000101011111 9
0100000101100000 4
01000001011001 5
01000001011010 21
0100000101101100 9
0100000101101101 9
010000010111 5
01000001100 5
0100000110100 6
01000001101010 6
010000011010110 6
0100000110101110 6
0100000110110000 6
0100000110110001 6
0100000110110010 6
0100000110110011 6
0100000110110100 6
0100000110111011 5
0100000110111100 16
0100000110111101 5
01000001110 5
010000011110 5
0100000111110 5
01000001111110 5
010000011111110 5
010000100000001 21
010000100000010 4
0100001000001001 2
0100001000001010 9
010000100000110 30
01000010000011 5
0100001000010011 5
010000100001010 9
0100001000011011 5
0100001000011100 5
0100001000011111 4
0100001000100000 5
0100001000101000 9
0100001000101110 4
0100001000101111 5
0100001000110000 5
0100001000111110 28
010000100100100 9
0100001001001010 5
0100001001001011 5
0100001001001101 5
0100001001010000 5
0100001001010001 21
0100001001010011 2
0100001001010101 5
010000100101100 21
010000100101110 13
0100001001011111 5
0100001001100011 32
010000100110010 28
0100001001101001 21
010000100110101 21
0100001001111 9
010000101000001 12
0100001010000110 9
0100001010001 9
010000101001000 4
0100001010010101 5
0100001010011100 5
010000101001110 9
0100001010011101 9
0100001010100010 5
0100001010100100 5
010000101010011 9
0100001010101011 5
0100001010101110 5
0100001010110011 5
0100001010110111 5
0100001011000000 5
0100001011000001 5
0100001011000010 5
0100001011001000 5
0100001011001100 9
0100001011010010 4
0100001011011001 5
0100001011011101 5
0100001011100000 14
01000010111011 21
0100001011110110 34
0100001011110111 6
0100001011111010 5
0100001100000 5
010000110001000 2
0100001100010010 5
010000110001001 5
0100001100010011 5
01000011000101 5
0100001100011 5
010000110010000 5
01000011001000 9
010000110010001 9
01000011001001 9
010000110010100 5
0100001100101010 5
0100001100110001 5
010000110011001 3
0100001100111110 5
01000011010000 9
0100001101000100 9
010000110100010 9
0100001101000101 9
0100001101000110 9
0100001101000111 9
01000011010010 5
0100001101001100 6
0100001101010000 5
0100001101010 5
0100001101010001 5
0100001101010010 5
0100001101010011 5
0100001101010111 5
0100001101011001 21
0100001101011100 21
010000110101111 21
01000011011000 33
01000011011001 5
0100001101101 21
010000110111 9
0100001110000 5
01000011100010 3
0100001110001100 4
0100001110001101 4
0100001110001111 4
01000011100100 5
0100001110010100 5
01000011100110 21
010000111001110 5
0100001111 5
0100001111010011 35
0100001111010100 35
0100001111010101 35
0100001111011000 35
0100001111011011 35
010001000000 4
010001000000001 5
010001000000010 4
010001000000011 4
0100010000001000 4
0100010000001100 4
0100010000010000 9
01000100000100 9
0100010000010001 5
0100010000010010 9
01000100000101 9
01000100000110 6
0100010000011001 6
0100010000011010 6
010001000001101 6
0100010000011011 6
0100010000011100 6
0100010000011101 6
0100010000011110 6
010001000001111 6
0100010000011111 6
0100010000100001 4
010001000010010 4
010001000010011 4
010001000010110 4
0100010000110001 4
0100010000110010 4
0100010000110100 4
0100010000110111 4
0100010000111000 4
0100010000111101 4
0100010001000 5
0100010001001 9
010001000101000 4
0100010001010010 4
0100010001011 9
010001000110 4
0100010001100001 4
0100010001100100 4
010001000110011 4
0100010001111 9
0100010010000 5
01000100100010 5
010001001000110 5
01000100100100 9
0100010010010 9
01000100100101 9
0100010010011 9
0100010010100001 9
01000100101001 9
01000100101010 5
0100010010101101 5
010001001011000 5
0100010011000 5
0100010011001101 16
0100010011001110 16
010001001101 9
0100010011100 4
01000100111010 5
0100010011110000 6
010001001111000 6
0100010011110001 6
0100010011110010 6
010001001111001 6
0100010011110011 6
0100010011110100 6
01000100111101 6
0100010011110101 6
0100010011110110 6
0100010011110111 6
0100010011111 9
0100010100000011 9
0100010100010101 9
0100010100011101 4
0100010100100000 4
0100010100100001 5
0100010100100010 6
0100010100100011 5
0100010100101000 4
0100010100101100 9
010001010010110 9
0100010100101101 9
0100010101000010 36
0100010101000100 6
0100010101000101 6
0100010101000110 12
0100010101001011 5
0100010101001110 5
0100010101010010 5
0100010101010011 5
0100010101011100 4
0100010101011101 5
0100010101100 5
0100010101100100 5
0100010101100101 5
0100010101101 9
0100010101110 5
0100010101110011 35
0100010101110100 5
0100010101110101 35
0100010110000000 9
010001011000000 9
0100010110000100 16
0100010110001100 4
0100010110001101 4
0100010110001110 4
0100010110001111 4
01000101100101 9
01000101100110 9
0100010110011100 9
0100010110011101 9
0100010110011110 9
0100010110011111 9
010001011010 5
01000101101010 5
01000101101011 5
0100010110110011 5
0100010111000000 13
0100010111000001 13
0100010111000010 13
0100010111010 9
01000101110110 9
0100010111011100 9
010001011110 9
0100010111111000 4
0100010111111001 4
0100010111111010 4
0100010111111011 4
0100011000000000 6
010001100000000 6
0100011000000001 6
0100011000000010 6
0100011000000011 6
0100011000000100 6
0100011000000110 6
0100011000000111 6
0100011000001000 6
0100011000010111 9
0100011000011010 13
0100011000100 5
0100011000101000 5
0100011000110000 9
0100011000110001 9
0100011000110010 9
0100011000110011 9
01000110001110 5
0100011001000000 9
0100011001000 9
0100011001000001 9
010001100100001 9
010001100100010 9
0100011001000110 9
010001100101000 12
0100011001010100 5
010001100110000 3
0100011001100010 3
0100011001101011 9
0100011001101100 9
0100011001101111 9
0100011001110000 16
0100011010010 9
010001101001100 9
0100011010011010 9
0100011010110000 5
0100011010110 4
010001101011 4
0100011010110010 5
0100011011001 5
0100011011010 5
0100011011010001 5
0100011011011 5
0100011011110 9
010001101111100 9
0100011100000000 6
0100011100000001 6
0100011100000010 6
0100011100000011 6
010001110000010 21
0100011100010000 5
01000111001000 5
0100011100100100 5
0100011101100000 9
0100011101100011 9
010001110110010 9
0100011101100111 37
0100011101101 37
010001111000000 9
0100100000000110 4
0100100000100001 5
010100000000000 5
0101000000000 5
0101000000000001 6
010100000000001 5
0101000000000011 6
010100000000010 5
010100000000011 5
010100000000100 20
010100000000110 20
0101000000001110 20
0101000000001111 20
010100000001000 13
0101000000010001 13
010100000001001 13
0101000000010011 13
0101000000010100 13
0101000000010101 13
0101000000010110 13
0101000000010111 13
0101000000100000 37
0101000000100001 37
0101000000100010 37
0101000000100011 37
0101000000100100 37
0101000000100101 37
0101000000100110 37
0101000000100111 37
0101000000101 23
0101000000110 20
0101000000111000 14
010100000011100 14
0101000000111001 14
0101000000111010 37
0101000000111011 37
010100000011110 6
010100000011111 17
010100000110001 14
0101000001100011 14
010100000110010 5
0101000001100110 20
0101000001100111 20
0101000001101000 13
0101000001101001 13
0101000001101100 14
010100000110110 14
01010000011011 14
0101000001101101 14
0101000001101110 14
0101000001101111 12
0101000001110001 5
010100000111011 12
01010000011110 17
010100000111111 13
01010000100 4
0101000010100 17
0101000010101000 13
0101000010101001 5
0101000010101010 30
0101000010101011 30
0101000010101100 17
0101000010101111 5
010100001011000 13
0101000010110100 13
0101000010110101 13
0101000010110110 13
0101000010110111 13
010100001011100 5
0101000010111010 13
0101000010111011 4
0101000010111100 23
0101000010111101 38
0101000010111110 13
0101000010111111 28
01010000110000 17
01010000110001 17
010100001100100 5
010100001100101 2
0101000011001011 2
0101000011001100 9
0101000011001101 9
0101000011001110 9
0101000011001111 9
01010000110100 17
010100001101010 17
0101000011011000 14
010100001101100 14
0101000011011001 14
010100001101101 5
01010000110111 19
0101000011100001 23
0101000011100010 19
0101000011100100 5
0101000011100101 13
0101000011100110 39
0101000011100111 12
0101000100100000 37
0101000100100001 37
0101000100100010 37
0101000100100011 37
0101000100100100 37
0101000100100101 37
0101000100100110 37
0101000100100111 37
0101000100101000 37
0101000100101001 37
0101000100101010 37
0101000100101011 37
0101000100101100 37
0101000100101101 37
0101000100101110 37
0101000100101111 37
010100010011000 20
010100010011001 20
0101000100110101 20
010100010011100 5
010100010011101 13
0101000100111100 9
0101000100111101 8
010100010011111 13
01010001010000 13
01010001010001 20
0101000101001000 13
0101000101001001 13
0101000101001010 13
0101000101001011 13
01010001010011 5
0101000101010000 20
0101000101010001 13
010100010101001 5
0101000101010100 1
0101000101010101 5
0101000101010110 7
01010001011000 5
010100010110 5
01010001011001 5
01010001011010 5
01010001011011 5
0101000101110000 9
0101000101110001 9
0101000101110010 9
0101000101110011 9
0101000101110100 9
0101000101110101 9
0101000101110110 9
0101000101110111 9
0101000101111000 9
0101000101111001 9
0101000101111010 9
0101000101111011 9
0101000101111100 9
0101000101111101 9
01010001100 17
0101000110001100 15
010100011010010 5
010100011010011 2
010100011011000 13
010100011011001 7
010100011011011 19
0101000110110111 19
0101000110111000 8
0101000110111001 12
0101000110111011 15
0101000110111100 2
0101000110111101 5
0101000110111111 2
0101000111000001 1
0101000111000011 19
0101000111000100 5
0101000111000101 13
0101000111000110 17
0101000111000111 40
010100011100101 23
010100011100110 6
01010001110011 6
0101000111001110 6
0101000111010100 28
0101000111010101 20
0101000111010110 6
0101000111010111 6
0101000111011000 17
0101000111011001 4
0101000111011011 19
0101000111011100 13
0101000111011101 2
0101000111011111 13
010100011110 19
01010001111100 6
01010001111101 5
0101000111111000 20
0101000111111001 20
0101000111111011 20
0101000111111110 20
0101000111111111 20
0101001000000 5
01010010000 5
0101001000001 13
0101001000010 5
0101001000011 5
010100100010 17
0101001000110000 13
0101001000110001 13
0101001000110010 13
0101001000110011 13
0101001000111000 13
0101001000111001 13
0101001000111010 13
0101001000111011 13
0101001000111100 13
0101001000111101 13
01010010010000 6
01010010010001 13
01010010010010 13
01010010010011 5
010100100101001 5
010100100101010 23
010100100101011 23
0101001001011000 13
0101001001011001 13
0101001001011010 13
0101001001011011 13
01010010010111 13
0101001001101000 13
0101001001101001 13
0101001001101010 13
0101001001101011 13
01010010011011 2
0101001001111000 20
0101001001111001 20
0101001001111010 20
0101001001111011 20
0101001001111100 20
0101001001111101 20
010100101001100 5
010100101001101 1
010100101001110 20
0101001010011110 8
0101001010100000 19
0101001010100001 5
0101001010100010 34
0101001010100011 13
0101001010100100 23
0101001010100101 17
0101001010100110 4
01010010101010 17
01010010101011 13
0101001010110000 17
0101001010110001 19
0101001010110011 29
0101001010110100 5
0101001010110101 16
0101001010110110 39
010100101011011 39
0101001010110111 39
0101001010111000 13
0101001010111001 13
0101001010111010 13
0101001010111011 13
0101001010111100 13
0101001010111101 13
0101001010111110 13
0101001010111111 13
0101001011011000 13
0101001011011001 5
0101001011011010 6
0101001011011011 5
0101001011011100 34
0101001011011101 5
0101001011011111 13
01010010111 5
01010011000 20
0101001100100000 37
0101001100100001 37
0101001100100010 37
0101001100100011 37
0101001100100100 37
0101001100100101 37
0101001100100110 37
0101001100100111 37
0101001100101000 37
0101001100101001 37
0101001100101010 37
0101001100101011 37
0101001100101100 37
0101001100101101 37
0101001100101110 37
0101001100101111 37
010100110100000 13
0101001101000010 6
0101001101000011 13
010100110100011 4
010100110100100 30
01010011010011 13
0101001101010 41
0101001101010011 41
0101001101010100 41
0101001101010101 5
0101001101011 17
01010011011010 13
010100110110110 17
0101001101101110 5
0101001101101111 5
0101001101110000 20
0101001101110001 20
0101001101110010 20
0101001101110011 20
01010011011101 20
01010011011110 13
01010011011111 39
0101001110000001 23
0101001110000010 13
0101001110000011 4
0101001110000100 1
0101001110000101 39
0101001110000110 5
0101001110000111 30
0101001110001100 42
0101001110011 23
01010011101000 5
0101001110100100 17
010100111011 30
0101001111000000 20
0101001111000001 20
0101001111000010 20
0101001111000011 20
0101001111000100 20
0101001111000101 20
0101001111000110 20
0101001111001001 20
0101001111001101 20
0101001111010000 23
0101001111010001 2
0101001111010010 4
0101001111010011 6
0101001111010101 5
0101001111010110 40
0101001111010111 17
0101001111100001 13
010100111110001 39
0101001111101000 19
0101001111101001 42
0101001111101010 6
0101001111101011 13
0101001111101100 23
0101001111101101 19
0101001111101110 5
0101001111111 19
01010100000000 19
01010100000001 5
0101010000001000 12
0101010000001001 5
0101010000001010 14
0101010000001011 17
0101010000001100 17
0101010000001101 13
0101010000001110 5
0101010000001111 2
0101010000011 13
0101010000100001 5
0101010000100010 6
0101010000100011 13
0101010000100100 28
0101010000100101 2
010101000011000 2
0101010000110010 6
0101010000110101 13
0101010000111 5
0101010001000 5
01010100010010 5
0101010001010 6
0101010001011000 23
010101000101101 17
010101000101110 13
0101010001100 12
0101010001101000 13
01010100011010 5
0101010001101001 13
0101010001101010 13
0101010001101011 13
01010100011100 14
0101010001110 14
0101010001111000 23
0101010001111 23
0101010001111001 23
0101010001111010 19
0101010001111011 23
0101010010 4
0101010011000 5
010101001100001 5
0101010011001010 23
0101010011001011 9
0101010011001110 19
0101010011001111 15
0101010011010 2
01010100110110 13
01010100110111 23
010101001110000 19
010101001110001 38
010101001110010 5
010101001110011 13
01010100111110 19
0101010100010000 34
0101010100100000 13
0101010100100001 13
0101010100100010 13
0101010100100011 13
0101010100100100 13
0101010100100101 13
0101010100100110 13
0101010100100111 13
0101010100101000 13
0101010100101001 13
0101010100101010 13
0101010100101011 13
010101010011 20
010101010100010 13
0101010101000110 23
01010101010010 5
01010101010011 5
01010101010100 5
01010101010101 20
0101010101100000 6
0101010101100001 6
01010101011111 13
010101011000100 12
010101011000101 1
010101011000110 5
010101011000111 29
0101010110010 20
0101010110011000 20
0101010110011001 6
0101010110011010 40
0101010110011011 12
0101010110011100 13
0101010110011101 6
0101010110100000 23
01010101101001 17
0101010110110 13
0101010110111000 17
0101010110111001 30
0101010110111010 5
0101010110111101 13
0101010110111111 13
0101010111001000 19
0101010111001010 19
0101010111001111 5
0101010111010000 20
010101011101010 23
0101010111100 39
0101010111110 1
0101010111111000 17
0101010111111010 5
0101010111111011 8
0101010111111100 19
0101010111111101 2
0101011010 17
0101011111000000 8
0101100011000000 8
0111111000000000 14
0111111000000010 14
100000000001111 5
100000001000001 17
100000001011001 2
100000011100001 2
100000011111000 5
10000010111011 30
100000101111000 30
100000101111001 30
100000110000010 5
10000011001 5
100000110100 5
10000011010100 5
100000110101011 5
100000111111010 10
1000010000 5
1000010001000 2
10000100010010 2
100001000100110 2
100001000101 5
10000100011 5
100001001000 5
10000100110011 5
1000010011010 5
10000100110110 5
10000110011010 13
100001110000001 6
10000111000001 6
100001110000100 4
100001110001011 6
100001110101011 6
100001110101110 6
100001110111001 6
10000111011101 6
100001110111100 6
100001110111101 4
100001110111110 4
10000111110111 6
100001111110 6
100001111111 6
10001000110101 5
10001000110110 28
100010001101110 21
1000100100000 5
10001001000010 5
10001001010101 5
100010010101100 5
1000100110110 2
100010011011100 2
100010011101011 2
10001001111100 5
1000101010001 5
100010101001 5
100010101010001 4
10001010101001 5
10001010101010 5
100010101011001 5
10001010101101 5
100010101111010 13
100010101111101 5
100010110001001 13
100010110110101 19
10001011011011 19
1000101101110 19
100011000110111 13
100011000111 13
1000110010000 13
100011001000100 13
10001100100110 5
100011010000010 13
100011010001001 17
100011010001100 13
10001101001000 13
100011010010011 13
100011010010101 13
100011010010110 13
1000110100110 13
100011010011100 13
100011010011101 17
100011010011110 13
100011010100000 13
100011010100010 17
100011010100101 13
10001101010100 13
100011100001011 43
1000111000011 9
10001110001000 9
10001111000001 2
100011110000101 2
10001111000011 2
100011110001000 2
100011110001010 2
100011110001101 2
100011110001111 2
10001111001000 2
100011110010011 2
100011110011010 5
100011111000101 5
10001111101100 13
100011111101010 5
100100000010011 5
100100000011110 40
10010000011001 5
10010000011010 5
100100001000001 10
10010000100001 10
10010000100010 10
100100001011011 5
10010001000000 17
100100010000001 17
100100010001001 17
100100010001110 17
100100010010011 17
100100010011000 17
100100010100101 17
100100010101100 17
100100010101110 17
100100010110001 17
100100010110010 17
1001000110 17
100100110010000 23
100100111000001 5
10010011100101 17
100100111010001 13
100100111101100 5
10010011111001 23
100101000101001 5
100101000111011 30
100101000111100 30
10010101101000 5
1001010111100 17
100101101100000 5
100101110011 13
100101110100 13
10010111010100 13
100110000000001 5
10011000000001 5
1001100000001 5
100110000001 5
1001100000100 44
100110000010 5
100110000010100 44
100110000010111 44
10011000001100 5
100110001011 5
1001100011000 5
1001100011010 5
10011001000110 5
100110010010011 5
100110010110000 17
100110100000011 5
100110100011 5
100110110000100 5
100110110111001 2
100110110111010 2
100110110111100 2
10011011011111 2
100110111001011 5
10011011100110 5
100110111101011 5
10011011110110 5
100111000110001 5
100111001001100 4
100111010001110 5
100111010010 4
100111010011011 26
10011101001110 26
1001111000000 5
10011110000010 5
100111100000111 5
10011110000100 5
10011110001001 30
100111100100011 5
10011110111011 5
10011110111100 5
101000000011011 4
101000000011100 4
101000000111111 5
101000001000010 5
1010000010001 5
1010000010010 5
101000001101100 23
101000010110100 13
101000110000111 13
1010001100010 13
10100011000110 13
101000110001111 13
101000111100011 4
101000111100101 4
101001001001001 35
10100100100101 35
101001001100010 5
101001001110011 5
101001011000101 6
101001011001000 19
101001100010 4
1010011010000 4
1010011111000 4
101010000000100 26
10101000000011 5
101010000001000 5
101010000001001 4
101010000001010 4
101010000001011 5
101010000001100 4
101010000001101 4
101010000001110 4
101010000001111 4
101010001011001 5
101010001100000 6
101010001111100 5
10101001000001 6
10101010101101 4
101010110001110 2
10101011010000 32
10101011010001 4
101010110100101 5
1010110010000 16
1010110010 16
1010110010001 16
1010110010010 16
1010110010011 16
1010110010100 16
1010110010101 16
10101100101100 16
10101100101101 16
101011001011100 16
10101100110000 16
101011001100 16
101011001100111 16
10101100110100 16
1100000000001010 5
1100000000001011 6
1100000000010001 45
1100000000011000 19
1100000000011011 4
1100000000100000 4
1100000000100101 17
1100000000100111 39
1100000000101101 5
1100000000111011 4
1100000000111100 33
1100000000111101 33
1100000000111110 4
1100000000111111 4
1100000001001111 28
1100000001010111 17
1100000001011001 19
1100000001011010 6
1100000001101010 13
1100000010000010 19
1100000010000110 13
1100000010100111 13
1100000011000000 13
1100000011000010 19
1100000011001100 14
1100000011010100 5
110000001101010 6
1100000011010101 5
1100000011010111 4
1100000011011000 5
1100000011011001 14
1100000011011100 14
1100000011011101 5
1100000011101001 5
1100000011101111 5
1100000011110010 14
1100000011110110 5
1100000100000001 44
1100000100000010 2
1100000100000100 12
1100000100000101 13
1100000100000110 2
1100000100001000 17
1100000100001010 30
1100000100001011 30
11000001000011 30
1100000100101000 1
110000010010110 19
11000001001100 13
1100000100110100 13
110000010011011 13
1100000100110111 13
1100000100111011 19
11000001001111 5
110000010100000 13
1100000101000010 13
1100000101000011 17
1100000101000101 2
1100000101000110 13
1100000101000111 2
110000010100100 17
1100000101001100 13
1100000101001101 12
110000010100111 17
110000010101000 17
1100000101010010 5
1100000101010011 17
1100000101010101 6
1100000101010110 6
1100000101010111 1
110000010101100 17
1100000101011010 2
1100000101011110 13
1100000101100 17
1100000101110000 5
1100000101110001 17
110000010111001 5
11000001011101 5
1100000101111000 13
1100000101111001 6
110000010111101 5
110000010111110 39
1100000101111110 20
1100000101111111 23
11000001100000 17
110000011000010 17
110000011000011 13
110000011000100 2
1100000110001100 6
1100000110001101 17
11000001100100 23
1100000110011000 37
110000011001100 37
1100000110011010 17
1100000110011011 17
110000011001110 5
110000011001111 4
110000011010011 5
110000011010101 17
1100000110101100 17
110000011010110 17
1100000110101101 17
110000011010111 13
1100000110110011 6
110000011011100 13
110000011011111 5
1100000111000011 13
110000011100010 17
1100000111000110 2
1100000111001000 6
110000011100110 13
1100000111001110 13
1100000111001111 23
11000001110100 19
1100000111010100 1
11000001110101 1
1100000111010101 1
1100000111010110 1
1100000111010111 1
110000011101100 30
1100000111011100 17
110000011110000 2
1100000111100101 34
1100000111101001 29
1100000111101101 13
1100000111110000 2
110000011111011 13
1100000111111000 20
1100000111111010 20
1100000111111111 6
110000100000001 20
1100001000000111 17
110000100001000 19
1100001000010010 19
110000100001010 6
110000100001011 19
1100001000011001 4
1100001000011011 6
1100001000101011 13
1100001000101101 17
1100001000101111 30
1100001000110011 20
1100001000110100 13
1100001000111001 13
1100001000111010 39
1100001001000000 13
1100001001000001 1
1100001001000010 5
1100001001000110 13
11000010010010 17
1100001001001101 13
1100001001001110 5
11000010010100 5
1100001001010100 29
1100001001010110 13
1100001001010111 19
1100001001011001 19
1100001001011010 5
1100001001011011 13
1100001001011100 19
110000100101111 13
1100001001100000 17
1100001001100001 5
1100001001100010 17
1100001001100100 17
1100001001101100 5
1100001001101101 13
1100001001101111 19
1100001001110011 17
1100001001110110 17
11000010011110 17
11000010100000 17
1100001010000101 20
1100001010000110 20
1100001010000111 39
1100001010001000 13
1100001010001001 19
1100001010001011 17
1100001010001101 1
1100001010001110 19
1100001010010000 12
1100001010010011 17
1100001010010100 23
1100001010010111 17
1100001010011101 13
1100001010011111 13
1100001010100000 1
1100001010100010 23
1100001010100011 13
1100001010100100 13
1100001010100110 17
1100001010100111 13
1100001010101000 5
1100001010101010 12
1100001010101011 17
11000010101011 17
1100001010110010 17
1100001010110101 19
1100001010111000 13
1100001010111001 13
1100001010111010 17
1100001010111100 13
1100001010111111 17
1100001011000000 17
1100001011000001 5
1100001011000010 4
1100001011000011 13
1100001011000100 4
1100001011000101 19
1100001011000110 13
1100001011000111 13
11000010110010 17
1100001011001101 5
1100001011001110 20
1100001011001111 34
1100001011010000 23
1100001011010001 13
1100001011010010 2
1100001011010011 13
1100001011010100 5
1100001011010110 13
1100001011010111 19
1100001011011000 17
1100001011011001 13
1100001011011010 19
1100001011011011 5
1100001011011100 39
1100001011011101 5
1100001011011110 13
1100001011011111 5
1100001011100001 20
1100001011100100 23
1100001011100101 17
1100001011100110 4
1100001011100111 13
1100001011101000 17
1100001011101001 13
1100001011101011 20
110000101110110 19
1100001011101110 5
1100001011101111 17
110000101111000 13
1100001011110011 13
1100001011110100 6
1100001011110101 17
1100001011111000 1
1100001011111001 2
1100001011111010 20
1100001011111011 19
1100001011111100 19
1100001011111110 13
1100001011111111 19
1100001100000001 2
1100001100000100 5
1100001100000110 20
1100001100001001 39
1100001100001011 28
1100001100001111 5
1100001100010101 6
1100001100010111 2
1100001100011001 20
1100001100011011 5
1100001100011101 4
1100001100011110 17
1100001100011111 23
1100001100100101 17
1100001100101000 2
1100001100101001 17
1100001100101100 5
1100001100101101 13
1100001100110000 17
1100001100110100 23
1100001100110101 37
1100001100110111 37
1100001100111000 6
1100001100111001 37
1100001100111011 5
1100001100111101 20
1100001100111111 23
1100001101000001 13
1100001101000011 19
1100001101000111 16
1100001101001001 17
1100001101001011 4
1100001101001101 37
1100001101010001 6
1100001101010011 20
1100001101010100 30
1100001101010110 34
1100001101010111 30
1100001101011001 5
1100001101011100 5
1100001101100011 17
1100001101100100 16
1100001101100101 20
1100001101100110 13
1100001101100111 23
110000110110110 17
1100001101101111 2
1100001101110001 23
1100001101110011 5
1100001101110100 20
1100001101110101 20
1100001101111000 23
1100001101111001 6
1100001101111011 19
11000011011111 17
1100001110000001 17
1100001110000011 4
1100001110000100 13
1100001110000101 19
1100001110001000 19
1100001110001011 2
1100001110001101 4
1100001110001110 6
1100001110001111 6
1100001110010001 4
1100001110010011 34
1100001110010100 5
1100001110010110 6
1100001110010111 29
110000111001100 5
1100001110011010 23
1100001110011100 19
1100001110011101 13
1100001110011111 5
1100001110100001 34
1100001110100011 16
1100001110100100 19
1100001110100101 19
1100001110101000 23
1100001110101001 17
1100001110101011 17
1100001110101100 2
1100001110101101 28
1100001110110000 2
1100001110110011 34
1100001110110100 34
1100001110110101 17
1100001110110111 4
1100001110111001 23
1100001110111010 13
1100001110111100 30
1100001110111111 13
1100001111000000 17
1100001111000001 17
110000111100001 5
1100001111000100 19
1100001111000101 5
1100001111000110 19
1100001111000111 2
1100001111001001 29
1100001111001100 19
1100001111001101 20
1100001111001111 6
1100001111010100 4
1100001111010101 4
1100001111010111 17
1100001111011001 17
1100001111011011 12
1100001111011100 17
1100001111011101 17
1100001111011111 23
1100001111100000 12
1100001111100011 17
1100001111100100 19
1100001111100101 12
1100001111100111 17
1100001111101001 17
1100001111101011 37
110000111110110 13
1100001111101111 17
110000111111000 17
1100001111110011 4
1100001111110111 23
1100001111111001 17
1100001111111101 9
1100001111111111 13
1100010000000101 35
1100010000000111 35
1100010000001001 35
1100010000001110 35
1100010000010101 2
1100010000010111 4
1100010000011000 2
1100010000011001 2
1100010000011010 4
110001000001111 35
1100010000100001 4
110001000010001 4
1100010000100100 4
1100010000100101 4
1100010000100110 4
1100010011001011 20
1100010011001100 5
1100010011001101 5
1100011000000011 5
110001100000010 5
1100011000000110 5
1100011000001001 5
1100011000001010 1
1100011000011001 5
1100011000011010 5
1100011000011110 37
1100011000011111 5
1100011000110101 5
1100011000111111 14
110001100100000 14
1100011001000010 14
1100011001000011 6
110001100100010 6
1100011001000110 6
11000110010011 5
1100011001010010 6
1100011001010101 5
1100011001010110 5
1100011001010111 14
1100011001011000 14
11000110010111 5
1100011001100111 6
1100011001101000 14
110001100110101 14
11000110011011 8
11000110011100 5
11000110011101 5
11000110011110 5
11000110011111 1
11000110100000 1
110001101000101 14
1100011010001110 10
1100011010010001 26
1100011010010010 5
1100011010010110 13
1100011010011000 4
1100011010011011 4
1100011010100100 2
1100011010100101 11
1100011010100110 5
1100011010100111 9
1100011010101000 5
1100011010101001 2
110001101010101 14
110001101010110 14
1100011010101110 4
1100011010111100 3
1100011010111101 3
1100011011010101 5
1100011011010110 4
1100011011010111 5
1100011011011000 4
1100011011011010 5
1100011011011100 5
1100011011011110 5
1100011011011111 5
1100011011101001 5
1100011011101010 4
110001101110110 14
1100011011101110 5
1100011011101111 5
1100011011110011 5
1100011011110111 14
11000111000000 6
1100011100001000 6
1100011100001010 5
1100011100010001 5
1100011100010010 37
1100011100010110 5
1100011100011101 5
1100011100101100 6
1100011100111001 5
1100011101000101 4
1100011101001000 5
1100011101001011 5
110001110100110 5
1100011101001110 5
1100011101010001 4
1100011101010010 4
1100011101010110 4
1100011101011010 5
11000111010111 5
110001110110001 5
1100011101100100 5
1100011101101001 4
110001110110101 4
1100011101101100 4
1100011101110101 5
1100011101110110 6
1100011101111001 5
1100011101111110 5
110001111000 5
110001111001 5
110001111010101 5
110001111010110 5
1100011110101110 5
1100011110111010 4
1100011111000111 4
1100011111001010 5
1100011111001011 5
1100011111010010 5
1100011111010101 16
1100011111010110 16
110001111101011 37
1100011111011010 37
1100011111011101 5
1100011111011110 5
1100011111100011 4
1100011111101000 38
1100011111101010 14
1100011111101011 16
11000111111011 14
1100011111110000 14
1100011111110011 16
1100011111111011 5
1100100000001111 2
1100100000010100 2
1100100000011011 20
1100100000011100 37
1100100000101100 6
1100100000110110 37
1100100001000000 4
1100100001000001 4
1100100001000011 4
1100100001000110 37
1100100001010011 37
1100100001010100 17
1100100001010110 37
1100100001011100 6
1100100001100001 4
1100100001100010 20
1100100001100100 37
1100100001101000 37
1100100001101101 6
1100100001111000 37
1100100010000000 2
1100100010000010 2
1100100010000011 2
1100100010000100 2
1100100010000101 2
1100100010000110 2
1100100010001000 2
1100100010001100 37
1100100010001101 4
1100100010010000 2
110010001001000 17
1100100010010001 2
1100100010010011 20
1100100010010101 4
1100100010010111 4
1100100010011010 37
1100100010011100 2
1100100010011101 6
1100100010011110 37
1100100010100001 37
1100100010100100 4
110010001010010 4
1100100010100101 6
1100100010100110 6
1100100010100111 6
1100100010101100 6
1100100010101101 4
1100100010101110 2
1100100010101111 6
110010001011000 37
1100100010110010 2
1100100010110011 2
1100100010110110 6
1100100010110111 6
1100100010111010 28
1100100010111110 4
1100100010111111 6
1100100011000101 20
1100100011001100 16
1100100011001101 37
1100100011001111 37
1100100011010000 6
1100100011010001 16
1100100011010010 6
1100100011010011 6
1100100011010100 6
1100100011010101 6
1100100011010110 2
1100100011011000 4
110010001101100 4
1100100011011101 20
1100100011011110 4
110010001101111 4
1100100011100000 20
1100100011100010 4
1100100011100011 6
1100100011100100 6
1100100011100110 2
1100100011100111 2
1100100011101011 12
1100100011110000 20
1100100011110001 6
1100100011110010 6
1100100011110011 6
1100100011110100 2
1100100011110101 2
1100100011110110 16
1100100011110111 6
1100100011111000 6
1100100011111001 6
1100100011111010 6
1100100011111011 6
1100100011111100 6
1100100011111101 6
1100100011111110 6
1100100011111111 2
1100100100000000 37
1100100100000001 37
1100100100000100 4
1100100100000101 4
1100100100000110 6
1100100100001000 4
1100100100001001 4
1100100100001101 37
1100100100010010 28
1100100100010011 4
1100100100010110 37
1100100100011010 37
1100100100011101 4
1100100100011110 6
1100100110000000 4
1100100110000001 4
1100100110000100 6
1100100110000101 4
1100100110000110 4
1100100110000111 4
1100100110001000 4
1100100110001001 4
1100100111101101 4
1100100111101111 37
1100100111110001 37
1100100111110011 4
1100100111111000 30
1100100111111001 17
1100100111111110 37
1100101000011011 16
1100101000100000 18
1100101000100001 4
1100101000100100 16
1100101000100101 16
1100101000101010 16
1100101000110001 16
1100101000110010 16
1100101000110110 27
1100101001000000 4
1100101001010010 5
1100101001101000 9
1100101001101001 9
1100101001110 25
110010100111100 25
1100101010000111 4
1100101010011100 14
110010101011100 18
1100101010111001 18
110010101011101 12
1100101010111100 4
1100101010111110 12
110010101100 25
1100101011010001 1
1100101011010100 16
1100101011010110 18
1100101011010111 18
1100101011011010 5
1100101011011011 14
1100101011011101 18
1100101011100001 14
1100101011100101 16
1100101011100110 20
1100101011101000 18
1100101011111000 14
1100101100100011 10
11001011001001 10
1100101100101 10
11001011001100 10
110010110011010 10
1100101100110110 10
1100101100111011 10
1100101100111100 18
1100101100111101 10
1100101100111111 10
1100101101000000 3
1100101101000010 4
1100101101000011 2
1100101101000100 3
1100101101000101 4
1100101101000110 2
1100101101000111 3
1100101101001000 3
1100101101001001 2
1100101101001010 25
1100101101001011 4
110010110110011 10
1100101101101010 4
1100101101101100 10
1100101101110100 14
1100101101110101 14
1100101101111000 16
1100101101111101 5
1100101101111110 5
1100101101111111 9
1100101110001000 14
1100101110001001 20
1100101110001010 16
1100101110010111 12
1100101110011010 12
1100101110011011 17
1100101110011101 12
1100101110011111 44
1100101110100100 10
1100101110100101 18
1100101110110100 18
1100101110110110 25
1100101110110111 20
1100101110111010 4
1100101111000101 27
1100101111000111 27
1100101111001000 27
1100101111001011 26
1100101111001100 26
1100101111011011 5
110010111101110 5
1100101111100000 5
1100101111100011 14
1100101111100111 14
1100101111101000 5
1100101111101010 5
11001100000000 14
11001100000001 5
110011000001011 6
110011000001100 6
110011000010011 8
1100110000101000 9
1100110000101010 14
110011000010111 21
1100110000110010 6
1100110000110101 4
1100110000111011 20
1100110000111100 1
11001100010000 4
110011000100011 28
110011000100100 4
1100110001010001 11
1100110001010010 11
1100110001010011 2
110011000101010 5
1100110001011011 21
1100110001011100 5
110011000101111 6
110011000110000 6
1100110001100010 5
1100110001100101 16
1100110001100110 3
1100110001110000 4
1100110001110001 5
1100110001110100 4
1100110001110101 6
110011000111011 6
1100110001111000 6
1100110001111001 1
1100110001111011 46
1100110010000001 46
1100110010000011 5
110011001000010 5
1100110010000110 5
1100110010001101 38
110011001000111 14
1100110010010010 4
11001100100101 5
1100110010011101 33
1100110010011110 4
1100110010100 5
1100110010101000 5
1100110010101001 9
110011001010101 14
11001100101100 5
11001100101101 6
1100110010111010 4
1100110010111101 28
1100110010111111 5
1100110011000000 21
110011001100011 5
11001100110010 14
1100110011010000 5
1100110011010011 5
11001100110101 6
1100110011011000 5
1100110011011001 5
110011001101101 5
110011001101110 4
1100110011101001 14
11001100111100 5
1100110011110100 6
1100110011110111 14
11001100111110 6
11001100111111 5
1100110100111 5
11001101010 5
1100110101100 5
110011010110100 5
110011010110101 5
110011010110110 5
1100110101101110 5
1100110101110011 5
110011010111011 5
1100110101111 5
11001101100000 5
1100110110000101 37
1100110110001000 28
110011011000101 28
1100110110010010 14
110011011001011 5
1100110110011000 34
1100110110011010 3
1100110110011011 3
1100110110011110 21
11001101101000 6
1100110110100101 5
11001101101010 5
1100110110110000 5
1100110110110001 9
1100110110110011 5
11001101101101 5
1100110110111100 16
1100110111000001 6
1100110111000101 21
110011011100011 33
1100110111001000 4
1100110111001101 5
1100110111001110 5
1100110111010100 14
1100110111010101 5
1100110111011000 28
110011011101101 28
1100110111011101 36
1100110111011110 27
11001101111000 5
11001101111001 5
1100110111101000 5
1100110111110 6
1100110111111010 5
1100110111111011 13
1100110111111100 9
1100111000000 5
11001110000010 4
1100111000001100 5
1100111000001110 14
11001110000100 4
1100111000010100 6
1100111000010101 37
1100111000010111 5
1100111000011001 28
110011100001101 28
110011100001111 28
11001110001000 5
1100111000100101 5
1100111000100110 5
1100111000100111 5
110011100010101 33
1100111000101100 5
1100111000101101 4
1100111000101111 16
1100111000110001 20
1100111000110010 14
1100111000110100 14
1100111000111010 14
1100111000111011 5
1100111000111101 6
1100111000111110 33
1100111000111111 5
11001110010000 5
110011100100010 14
1100111001000110 4
1100111001001001 4
1100111001001010 4
1100111001001011 5
1100111001001100 4
1100111001001101 4
1100111001001111 28
110011100101010 33
1100111001010110 14
1100111001010111 5
1100111001011 6
1100111001100010 28
11001110011001 28
11001110011010 6
1100111001101101 6
1100111001101110 5
1100111001101111 21
11001110011100 5
1100111001110100 5
1100111001110101 5
1100111001110110 4
1100111001110111 5
1100111001111001 4
1100111010000001 28
1100111010000101 6
1100111010000110 6
1100111010000111 5
11001110100010 5
1100111010001110 28
11001110100100 4
110011101001010 33
1100111010010110 28
1100111010011000 28
1100111010011011 28
110011101001110 28
110011101001111 6
1100111010100000 6
1100111010100001 9
1100111010100101 2
1100111010101000 6
1100111010101001 4
110011101010101 1
1100111010101100 16
1100111010101101 21
1100111010101111 5
1100111010110001 12
1100111010110010 12
1100111010110101 21
1100111010111000 14
1100111010111001 33
1100111010111010 6
1100111010111011 6
1100111011000110 4
1100111011001100 5
1100111011001101 21
11001110111001 6
11001110111010 5
110011101110110 5
1100111011101110 5
1100111011101111 14
11001110111100 5
1100111011110100 37
1100111011110111 14
1100111011111001 33
1100111011111010 33
1100111011111110 4
110011110000000 28
1100111100000011 28
1100111100000100 5
1100111100000110 5
1100111100001001 6
1100111100001010 5
11001111000011 6
11001111000100 5
1100111100010100 14
1100111100010111 5
11001111000110 5
1100111100011100 36
1100111100011110 6
1100111100100001 14
1100111100100011 16
1100111100100100 9
11001111001010 6
1100111100101110 26
110011110011000 28
1100111100110011 28
110011110011100 14
1100111100111011 5
1100111100111100 5
1100111100111101 16
1100111100111110 44
1100111100111111 11
1100111101000000 5
1100111101000001 4
1100111101000101 5
11001111010010 8
11001111010011 5
1100111101010000 4
1100111101010001 5
1100111101010010 28
1100111101010011 5
110011110101011 21
1100111101011000 21
1100111101100101 21
1100111101100111 4
110011110110100 1
1100111101101010 5
1100111101101011 6
110011110110110 5
1100111101110101 4
1100111101110111 4
11001111011110 5
1100111101111100 28
1100111101111101 34
1100111101111111 5
11001111100000 4
1100111110000101 5
1100111110000110 5
1100111110001001 14
1100111110001010 2
1100111110001011 5
110011111000110 4
1100111110001110 33
1100111110001111 6
1100111110010000 4
1100111110010101 28
1100111110010111 5
1100111110100001 4
1100111110100011 5
1100111110100100 16
1100111110100101 36
1100111110101000 5
1100111110101100 32
1100111110101101 3
1100111110101110 6
1100111110101111 5
1100111110110000 5
11001111101110 6
1100111111000001 1
1100111111000010 5
1100111111001011 34
1100111111001101 5
1100111111010000 21
1100111111010011 5
11001111110101 1
1100111111011000 5
1100111111011001 5
1100111111011011 5
110011111110000 5
1100111111100010 9
1100111111100011 5
1100111111101100 16
1100111111101101 32
110011111110111 21
1100111111110000 5
110011111111001 4
1100111111110111 5
1100111111111010 4
1100111111111100 4
1100111111111101 5
11010000000 6
11010000001000 6
110100000010010 21
1101000000101001 5
1101000000101011 6
11010000001011 5
1101000000110001 2
1101000000110011 2
1101000000110111 38
1101000000111000 2
1101000000111001 9
110100000011101 32
110100000011110 5
11010000001111 34
1101000000111110 9
1101000000111111 9
110100001000000 28
1101000010000010 28
1101000010000101 28
110100001000011 28
110100001000100 28
1101000010001011 28
11010000100011 28
1101000010010 28
11010000100110 28
1101000010011100 28
110100001001111 28
110100001010000 28
1101000010100010 28
110100001010010 28
110100001010101 28
1101000010101100 28
1101000010101110 28
110100001011000 21
1101000010110010 2
1101000010110011 5
110100001011011 4
110100001011100 15
110100001011101 3
11010000101111 1
1101000011 5
110100001111111 35
1101000100000000 5
1101000100000001 28
1101000100000010 5
1101000100000011 5
1101000100000101 6
1101000100000110 32
1101000100000111 32
110100010000100 9
1101000100001010 31
1101000100001100 4
1101000100001101 37
1101000100001110 33
1101000100001111 4
1101000100010110 5
1101000100011000 14
1101000100011010 6
1101000100011100 4
1101000100011101 5
1101000100011110 1
1101000100011111 21
1101000100100000 4
1101000100100011 4
110100010010010 4
1101000100100110 5
1101000100100111 14
1101000100101111 5
110100010011000 21
1101000100110100 5
1101000100110101 5
1101000100111000 36
1101000100111001 14
1101000100111100 5
1101000100111111 3
110100010100000 4
1101000101000011 28
1101000101000101 14
1101000101000110 14
1101000101001011 14
11010001010011 1
1101000101010100 5
1101000101010110 5
1101000101011000 20
1101000101011001 5
1101000101011100 5
1101000101100010 5
1101000101100100 5
1101000101100101 5
11010001011101 21
1101000101111001 5
1101000101111010 32
1101000101111011 34
1101000101111101 5
1101000110000001 44
1101000110001000 4
1101000110001010 5
1101000110010000 28
1101000110010101 34
1101000110011010 5
1101000110011011 13
1101000110011101 14
1101000110011110 37
1101000110100111 5
1101000110101011 5
1101000110101110 32
1101000110101111 32
1101000110110000 28
1101000110110011 5
110100011011010 5
1101000110111000 1
1101000110111001 28
110100011011101 4
1101000111000010 4
1101000111000111 6
1101000111010010 3
1101000111010011 5
1101000111010110 34
110100011101011 34
1101000111010111 34
110100011101101 5
1101000111011100 21
1101000111011111 28
1101000111100000 5
1101000111100010 16
11010001111001 5
110100011110100 1
1101000111101110 38
1101000111110001 5
11010001111101 5
1101000111111001 15
1101001000000011 14
1101001000000110 4
11010010000010 10
1101001000010100 18
1101001000011000 16
110100100001101 25
11010010000111 25
110100100010 25
1101001000110001 10
1101001000110011 20
1101001000110101 20
1101001000111010 5
1101001000111100 3
1101001000111101 25
1101001001000000 2
1101001001000001 4
1101001001000010 14
1101001001000100 2
1101001001000101 6
1101001001000110 3
1101001001010001 20
1101001001010011 20
1101001001010100 10
1101001001010101 5
1101001001011010 5
1101001001011011 5
1101001001011111 25
1101001001100011 25
1101001001100100 25
1101001001101000 5
1101001001101001 5
1101001001101100 1
1101001001101101 14
1101001001110001 5
1101001001111000 1
1101001001111010 14
1101001001111011 5
1101001001111100 1
1101001010000000 18
1101001010000001 20
1101001010000010 18
1101001010001000 16
1101001010001001 1
1101001010001010 18
1101001010001100 20
1101001010010000 25
1101001010010001 14
1101001010010011 14
1101001010010100 18
1101001010010101 18
1101001010010110 16
1101001010011000 20
1101001010011010 14
1101001010100000 14
1101001010100001 14
1101001010100010 14
1101001010100011 14
1101001010100100 14
1101001010100101 16
1101001010110001 5
1101001010110010 25
1101001010110011 5
1101001010110110 1
1101001010110111 5
1101001010111010 4
1101001010111011 4
1101001010111110 14
1101001011000010 18
1101001011000011 4
1101001011000100 5
1101001011000101 5
1101001011001000 5
1101001011001001 5
1101001011001010 5
1101001011001100 5
1101001011001110 1
1101001011001111 1
1101001011010100 28
1101001011010110 4
1101001011010111 6
1101001011011000 1
1101001011011001 5
110100101101111 5
1101001011100001 14
110100101110001 14
1101001011101000 14
1101001011101010 5
1101001011110000 3
1101001011110010 6
1101001011111000 14
1101001100000000 14
1101001100000011 5
1101001100000100 5
1101001100000101 5
1101001100000110 14
1101001100001000 5
1101001100001011 14
110100110001000 14
1101001100010010 5
1101001100010100 4
1101001100010101 6
1101001100010110 4
1101001100010111 4
1101001100011001 9
1101001100011100 10
11010011000111 10
1101001100011110 10
1101001100011111 10
1101001100100000 1
1101001100100010 5
1101001100100110 5
1101001100101000 1
1101001100101100 4
1101001100101110 5
1101001100110000 5
1101001100110010 1
1101001100110011 5
1101001100110101 1
110100110011011 5
1101001100111001 5
1101001100111010 4
1101001100111011 2
1101001100111100 1
1101001101000 25
1101001101000110 26
1101001101001000 4
1101001101001010 2
1101001101001011 4
1101001101010 25
1101001101011000 9
1101001101011001 9
1101001101011010 4
1101001101011011 4
1101001101011100 4
1101001101011111 4
1101001101100000 4
1101001101100001 4
1101001101100010 4
11010011011010 5
1101001101101100 4
1101001101101101 2
1101001101101110 2
1101001101110010 5
1101001101110101 4
1101001101110110 1
1101001101110111 1
1101001101111001 5
110100110111101 14
1101001101111100 14
1101001101111110 5
1101001101111111 5
1101001110000001 14
1101001110000010 14
1101001110000011 5
1101001110000110 5
11010011100010 4
11010011100011 4
1101001110010010 6
1101001110010101 6
1101001110010110 6
1101001110011001 6
1101001110100000 4
1101001110100001 4
1101001110100010 4
1101001110100100 4
1101001110100101 4
1101001110100110 4
1101001110101000 1
1101001110101001 1
1101001110101010 1
1101001110101011 1
1101001110101111 20
11010011101100 4
1101001110110100 1
1101001110110101 1
1101001110110110 25
1101001110110111 20
110100111011100 25
1101001110111010 2
1101001110111011 2
1101001110111110 4
1101001110111111 4
1101001111000 5
1101001111001 4
11010011110100 4
11010011110101 4
1101001111011 5
1101001111100 5
1101001111110011 2
1101001111110100 2
1101001111111000 5
1101001111111001 20
110100111111101 25
110100111111110 5
1101010000001010 19
1101010000111101 30
1101010010000000 23
1101010010000010 30
1101010010000011 23
1101010010000100 5
110101001000011 2
1101010010001000 17
1101010010001001 5
1101010010001010 12
1101010010001011 23
1101010010001100 17
1101010010001111 5
1101010010010000 5
1101010010010001 4
1101010010010110 4
1101010010010111 30
1101010010011001 17
1101010010011011 17
1101010010011100 6
1101010010011101 17
1101010010100000 20
1101010010100011 5
1101010010100100 5
1101010010101000 17
1101010010101010 37
1101010010101100 23
1101010010101101 5
1101010010101110 6
1101010010101111 6
1101010010110001 17
1101010010110101 19
110101001011100 4
1101010010111010 14
1101010010111110 17
110101001100001 13
1101010011000110 5
1101010011001001 17
1101010011001010 23
1101010011001101 17
1101010011001110 17
1101010011001111 30
1101010011010000 17
1101010011010001 17
1101010011010010 23
1101010011010100 2
1101010011010101 19
1101010011010110 30
1101010011011010 8
1101010011011011 5
1101010011011100 39
1101010011011110 6
1101010011011111 30
1101010011100010 5
1101010011100011 17
110101001110010 28
110101001110011 5
1101010011101010 20
1101010011101100 37
1101010011101101 30
1101010011101110 5
1101010011110000 28
1101010011110010 30
1101010011110011 13
1101010011110100 20
1101010011110110 30
1101010011110111 30
1101010011111001 17
1101010011111010 5
1101010011111100 5
1101010011111110 23
1101010011111111 23
1101010100000000 37
1101010100000001 17
1101010100000010 13
1101010100000011 13
1101010100000100 37
1101010100000101 4
110101010000011 5
1101010100001000 12
1101010100001010 6
1101010100001011 17
1101010100001100 5
1101010100001101 1
1101010100001110 6
1101010100001111 16
1101010100010010 30
1101010100010100 16
1101010100010110 1
1101010100010111 5
1101010100011000 34
1101010100011001 20
1101010100011010 23
1101010100011100 19
1101010100011101 17
1101010100011111 4
1101010100100000 30
1101010100100100 23
1101010100100101 8
1101010100100110 5
1101010100101010 24
1101010100101011 28
1101010100101100 13
110101010010111 14
1101010100101111 14
1101010100110000 30
1101010100110001 6
1101010100110010 30
1101010100110011 13
1101010100110101 17
1101010100110110 23
1101010100111000 20
1101010100111001 23
1101010100111010 17
1101010100111011 34
1101010100111100 4
1101010100111101 5
1101010100111110 4
11010101010000 19
11010101010001 17
1101010101001000 5
1101010101001010 5
1101010101001011 6
1101010101001100 20
1101010101001101 20
1101010101010010 23
1101010101010100 13
1101010101010110 5
1101010101011001 14
1101010101011101 14
1101010101011111 13
1101010101100000 37
110101010110000 37
110101010110001 37
11010101011001 30
1101010101101000 5
11010101011010 5
1101010101101001 5
1101010101101010 5
1101010101101011 5
1101010101101101 6
110101010111000 39
11010101011100 39
110101010111001 39
110101010111010 17
110101010111011 5
11010101011110 17
1101010101111111 5
1101010111011111 5
1101010111100000 5
1101010111110101 14
11010110 5
1101011000001110 5
110101110 5
11011000000000 21
110110000000010 21
1101100000001011 5
1101100000001101 4
110110000001110 5
11011000001000 28
1101100000101010 38
1101100000101100 38
1101100000110010 21
1101100000111000 5
11011000001111 1
1101100001000100 5
1101100001001000 20
11011000010011 34
110110000101010 4
1101100001010101 4
11011000010110 28
1101100001011100 4
110110000101111 5
11011000011001 1
1101100001101111 5
1101100001110000 21
1101100001111010 4
1101100001111100 11
1101100001111101 11
110110001000010 5
11011000100011 33
1101100010010100 4
1101100010010101 21
1101100010011100 21
110110001010000 5
1101100010100100 32
1101100010110101 1
1101100010111110 3
1101100010111111 4
1101100011000000 5
1101100011001000 15
1101100011001010 5
110110001100111 5
1101100011010000 16
1101100011010001 16
1101100011010110 5
110110001101100 5
1101100011101000 5
1101100011101001 5
1101100011101110 6
1101100011110111 4
1101100011111101 4
1101100100000 4
110110010010 17
11011001001100 16
11011001001101 5
11011001001110 23
110110010011110 17
110110010101 4
1101100101100000 20
1101100101100001 20
1101100101100010 20
1101100101100011 20
1101100101100101 5
1101100101100111 5
110110010110101 34
110110010110110 20
110110010110111 5
11011001011110 13
1101100110000000 20
1101100110000001 20
1101100110000010 6
1101100110000100 5
1101100110000101 23
110110011000011 5
1101100110001000 5
1101100110001001 16
1101100110001010 15
1101100110001011 5
1101100110001101 23
110110011000111 42
1101100110011000 13
1101100110011001 30
1101100110011010 5
1101100110011011 30
1101100110011101 5
1101100110011110 30
1101100110100000 17
1101100110100001 5
1101100110100010 5
1101100110100011 5
1101100110100100 5
110110011010010 5
1101100110100101 34
1101100110100110 17
1101100110100111 20
1101100110110 30
1101100110111 16
110110011100000 13
11011001110011 2
1101100111010 42
110110011101100 12
1101100111011010 5
110110011101101 28
1101100111011011 5
1101100111011100 6
110110011101110 5
1101100111011111 28
11011001111 4
1101101000000000 9
1101101000000001 6
1101101000000011 9
1101101000000101 9
1101101000000111 4
110110100000100 4
1101101000001010 4
1101101000001011 4
1101101000001100 4
1101101000001101 6
110110100000111 6
11011010000100 6
1101101000010100 6
110110100001011 9
1101101000011000 6
1101101000011001 6
1101101000011010 4
1101101000011011 26
110110100001110 4
1101101000011111 9
1101101000100010 5
1101101000100011 5
110110100010011 4
1101101000101001 14
1101101000101011 14
1101101000101100 14
1101101000101110 5
1101101000101111 14
110110100011000 4
110110100011001 4
11011010001101 4
110110100011100 6
110110100011101 6
1101101000111100 6
1101101000111101 6
1101101000111111 9
1101101001000000 9
1101101001000010 9
110110100100010 6
1101101001000110 9
1101101001000111 9
1101101001001000 9
1101101001001001 9
1101101001001010 9
1101101001001100 9
1101101001001111 6
1101101001010000 6
1101101001010001 6
1101101001010010 6
1101101001010011 6
1101101001010100 9
1101101001010101 9
1101101001010111 9
11011010010110 9
1101101001011001 9
1101101001011010 9
1101101001011011 9
1101101001011100 9
1101101001011101 9
1101101001011110 9
1101101001100000 6
1101101001100011 6
1101101001101001 6
110110100110110 20
1101101001101110 14
1101101001101111 4
1101101001110000 14
1101101001110001 14
1101101001110010 14
1101101001110011 14
1101101001110100 14
1101101001110101 14
1101101001110110 14
1101101001110111 14
1101101001111000 14
1101101001111001 14
1101101001111010 14
1101101001111011 14
1101101001111100 14
1101101001111101 14
1101101001111110 14
1101101001111111 14
1101101010000000 6
1101101010000001 6
1101101010000010 6
1101101010000011 6
1101101010000100 6
1101101010000101 6
1101101010000110 6
1101101010000111 6
1101101010001000 6
1101101010001001 6
1101101010001010 6
1101101010001011 6
1101101010001100 6
1101101010001101 6
1101101010001110 6
1101101010001111 6
110110101001 5
1101101010100000 4
1101101010100001 4
1101101010100010 4
1101101010100011 4
1101101010100100 4
1101101010100101 4
1101101010100110 4
1101101010100111 4
1101101010101000 4
1101101010101001 4
1101101010101010 4
1101101010101011 4
1101101010101100 4
1101101010101101 4
1101101010101110 4
1101101010101111 4
1101101010110000 14
1101101010110001 14
1101101010110010 14
1101101010110011 14
1101101010110100 14
1101101010110101 14
1101101010110110 14
1101101010110111 14
1101101010111000 5
1101101010111010 14
1101101010111011 5
110110101011111 2
1101101011000 25
11011010110010 4
110110101100110 4
11011010110011 6
110110101100111 4
1101101011010000 4
1101101011010100 2
1101101011010101 14
1101101011011001 14
1101101011011010 5
1101101011011100 14
1101101011011101 14
1101101011011110 5
1101101011100000 14
1101101011100010 14
1101101011100011 14
1101101011100101 14
110110101110100 4
110110101110101 4
11011010111011 4
1101101011110010 9
1101101011110011 6
1101101011111000 4
1101101011111001 9
1101101011111100 14
1101101011111101 14
1101101011111110 14
1101101011111111 14
1101101100000000 14
1101101100000001 14
1101101100000010 14
1101101100000011 14
1101101100000100 14
1101101100000101 14
1101101100000110 14
1101101100000111 14
1101101100001000 14
1101101100001001 14
1101101100001010 14
1101101100001011 14
1101101100001100 14
1101101100001101 14
1101101100001110 14
1101101100001111 14
1101101100010000 14
1101101100010001 14
1101101100010010 14
1101101100010011 14
1101101100010100 14
1101101100010101 14
1101101100010110 14
1101101100010111 14
1101101100011000 14
1101101100011001 14
1101101100011010 14
1101101100011011 14
1101101100011100 14
1101101100011101 14
1101101100011110 14
1101101100011111 14
1101101100100000 6
1101101100100001 6
1101101100100010 6
1101101100100011 14
1101101100100100 14
1101101100100101 14
1101101100100110 14
1101101100100111 14
1101101100101000 14
1101101100101001 14
1101101100101010 14
1101101100101011 14
1101101100101100 14
1101101100101101 14
1101101100101110 14
1101101100101111 14
1101101100110000 14
1101101100110001 14
1101101100110010 14
1101101100110011 14
1101101100110100 14
1101101100110101 14
1101101100110110 14
1101101100110111 14
1101101100111000 14
1101101100111001 14
1101101100111010 14
1101101100111011 14
1101101100111100 14
1101101100111101 14
1101101100111110 14
1101101100111111 14
1101101101000000 27
1101101101000001 4
110110110100001 5
1101101101000100 26
1101101101000110 26
110110110100011 30
1101101101000111 26
1101101101001000 9
1101101101001010 1
110110110101000 5
1101101101010010 20
1101101101010100 5
1101101101010101 5
110110110101011 10
1101101101011000 16
1101101101011001 16
1101101101011100 4
1101101101011101 4
1101101101011111 4
1101101101100001 14
1101101101100010 14
1101101101100100 25
1101101101100110 16
1101101101101000 14
1101101101101011 14
1101101101101100 5
1101101101101110 14
1101101101110011 46
1101101101110100 14
1101101101110111 18
1101101101111000 5
1101101101111011 5
1101101101111101 5
1101101110000 6
110110111000100 6
110110111000101 9
1101101110001100 9
1101101110001110 9
1101101110001111 9
1101101110010000 6
110110111001000 9
1101101110010001 6
1101101110010010 9
110110111001100 9
110110111001101 4
110110111001110 4
11011011101000 14
110110111010010 14
110110111010011 14
1101101110101000 6
1101101110101001 6
1101101110101010 6
1101101110101011 6
1101101110101100 6
1101101110101101 6
1101101110101110 6
1101101110101111 6
1101101110110000 6
1101101110110001 6
1101101110110010 6
1101101110110011 6
1101101110110100 6
1101101110110101 6
1101101110110110 6
1101101110110111 6
1101101110111000 6
1101101110111001 6
1101101110111010 6
1101101110111011 6
1101101110111100 6
1101101110111101 6
1101101110111110 6
1101101110111111 6
1101101111000000 6
1101101111000001 6
1101101111000010 6
1101101111000011 6
1101101111000100 6
1101101111000101 6
1101101111000110 6
1101101111000111 6
1101101111001000 6
1101101111001001 6
1101101111001010 6
1101101111001011 6
1101101111001100 6
1101101111001101 6
1101101111001110 6
1101101111001111 6
1101101111010000 6
1101101111010001 6
1101101111010010 6
1101101111010011 6
1101101111010100 14
1101101111010101 14
1101101111010110 6
1101101111010111 6
1101101111011 25
1101101111011011 26
1101101111100 25
1101101111101001 9
1101101111101100 9
1101101111101101 9
1101101111101110 6
110110111111000 4
110110111111001 25
11011011111101 25
11011011111110 4
1101101111111100 5
1101101111111101 5
110110111111111 4
1101110000000000 6
1101110000000001 6
1101110000000010 6
1101110000000011 6
1101110000000100 6
1101110000000101 6
1101110000000110 6
1101110000000111 6
1101110000001000 6
1101110000001001 6
1101110000001010 6
1101110000001011 14
1101110000001100 14
1101110000001101 14
1101110000001110 14
1101110000001111 14
1101110000010000 14
1101110000010001 14
1101110000010010 14
1101110000010011 14
1101110000010100 14
1101110000010101 14
1101110000010110 14
1101110000010111 6
1101110000011000 14
1101110000011001 14
1101110000011010 6
1101110000011011 6
1101110000011100 6
1101110000011101 6
1101110000011110 14
1101110000011111 14
1101110000100000 14
1101110000100001 14
1101110000100010 14
1101110000100011 14
1101110000100100 14
1101110000100101 14
1101110000100110 14
1101110000100111 14
1101110000101000 14
1101110000101001 14
1101110000101010 14
1101110000101011 14
1101110000101100 14
1101110000101101 6
1101110000101110 14
1101110000101111 14
1101110000110000 6
1101110000110001 6
1101110000110010 6
1101110000110011 14
1101110000110100 14
1101110000110101 14
1101110000110110 14
1101110000110111 14
1101110000111000 14
1101110000111001 14
1101110000111010 14
1101110000111011 14
1101110000111100 6
1101110000111101 6
1101110000111110 6
1101110000111111 6
1101110001000000 6
1101110001000001 25
1101110001000010 1
1101110001000011 1
1101110001000100 1
1101110001000101 1
110111000100011 5
1101110001001 5
1101110001010 5
11011100010110 5
11011100010111 5
110111000110000 14
1101110001100010 14
1101110001100100 18
1101110001100110 14
1101110001100111 2
110111000110100 14
110111000110101 14
110111000110110 14
1101110001101110 14
11011100011100 4
11011100011101 5
1101110001111 5
1101110010000001 6
1101110010000010 6
1101110010000011 6
1101110010000100 6
1101110010000101 6
1101110010000110 6
1101110010000111 3
1101110010001000 4
1101110010001001 4
1101110010001010 4
1101110010001011 4
1101110010001100 4
1101110010001101 3
1101110010001110 3
1101110010001111 3
1101110010010000 14
1101110010010001 14
110111001001001 14
1101110010010100 25
1101110010010110 16
1101110010010111 14
110111001010000 9
1101110010100010 9
1101110010100011 9
1101110010100100 9
110111001010010 9
1101110010100101 9
1101110010100110 9
110111001010100 9
1101110010101010 9
1101110010101100 9
1101110010101101 9
1101110010101110 9
1101110010101111 9
110111001011000 9
1101110010110010 9
1101110010110011 9
1101110010110100 9
1101110010110101 9
1101110010111 9
1101110011000001 4
110111001100011 4
1101110011001111 6
1101110011010001 14
1101110011010011 14
1101110011010100 5
1101110011010110 5
1101110011011001 5
1101110011011010 5
1101110011011011 14
110111001101110 14
1101110011100100 14
1101110011100101 14
1101110011101010 9
1101110011101100 10
1101110011101101 10
1101110011101110 10
1101110011110000 5
1101110011110100 5
1101110011110101 5
1101110011111110 14
110111010000000 6
1101110100000010 6
1101110100000100 6
1101110100000110 6
110111010000100 26
1101110100001010 6
110111010000111 4
1101110100010000 14
1101110100010001 14
1101110100010010 14
1101110100010011 14
1101110100010100 14
1101110100010101 14
1101110100010110 14
1101110100010111 14
1101110100011000 14
1101110100011001 14
1101110100011010 14
1101110100011011 14
1101110100011100 14
1101110100011101 6
1101110100011110 6
1101110100011111 6
1101110100100000 6
1101110100100001 6
1101110100100010 14
1101110100100011 14
1101110100100100 14
1101110100100101 14
1101110100100110 14
1101110100100111 14
1101110100101000 14
1101110100101001 6
1101110100101010 6
1101110100101011 6
1101110100101100 14
1101110100101101 14
1101110100101110 14
1101110100101111 14
1101110100110000 14
1101110100110001 14
1101110100110010 14
1101110100110011 14
1101110100110100 14
1101110100110101 14
1101110100110110 14
1101110100110111 14
1101110100111000 14
1101110100111001 14
1101110100111010 14
1101110100111011 14
1101110100111100 14
1101110100111101 14
1101110100111110 14
1101110100111111 14
1101110101000000 14
1101110101000001 14
1101110101000010 14
1101110101000011 14
1101110101000100 6
1101110101000101 6
1101110101000110 6
1101110101000111 6
1101110101001000 6
1101110101001001 6
1101110101001010 6
1101110101001011 6
1101110101001100 6
1101110101001101 6
1101110101001110 6
1101110101001111 6
1101110101010000 6
1101110101010001 6
1101110101010010 6
1101110101010011 6
1101110101010100 6
1101110101010101 6
1101110101010110 6
1101110101010111 6
1101110101011000 14
1101110101011001 14
1101110101011010 14
1101110101011011 14
1101110101011100 14
1101110101011101 14
1101110101011110 14
1101110101011111 14
1101110101100000 14
1101110101100001 14
1101110101100010 14
1101110101100011 14
1101110101100100 14
1101110101100101 14
1101110101100110 14
1101110101100111 14
1101110101101000 14
1101110101101001 14
1101110101101010 14
1101110101101011 14
1101110101101100 14
1101110101101110 6
1101110101101111 6
1101110101110000 5
1101110101110010 5
1101110101110011 5
1101110101110100 5
1101110101110101 5
1101110101110111 5
110111010111101 6
11011101011111 2
1101110101111101 2
1101110101111110 2
1101110101111111 2
1101110110000001 6
110111011000001 4
1101110110001000 21
1101110110001001 9
110111011000101 4
11011101100011 4
110111011001 5
1101110110100 5
1101110110101000 5
1101110110101001 2
110111011010101 14
11011101101011 28
1101110110111 14
110111011100000 4
1101110111000010 4
1101110111000011 4
110111011100010 6
1101110111000110 6
11011101110010 6
110111011100110 4
1101110111001110 4
11011101110100 4
1101110111010100 4
1101110111010101 6
110111011101011 6
1101110111011000 6
1101110111011 6
1101110111011001 6
1101110111011010 6
11011101111000 6
1101110111100 9
11011101111001 6
11011101111010 9
1101110111101001 6
1101110111101011 6
110111011110110 9
1101110111101110 9
110111011111 5
1101111000000000 1
1101111000000001 5
1101111000000010 5
1101111000000011 5
1101111000000100 5
1101111000000101 5
1101111000000110 1
1101111000000111 5
1101111000001000 5
1101111000001001 1
1101111000001010 5
1101111000001011 5
1101111000001100 5
1101111000001101 5
1101111000001110 5
1101111000001111 5
110111100001 25
1101111000100000 5
11011110001 28
1101111000100001 6
1101111000100010 9
1101111000100011 5
1101111000100100 5
1101111000100101 5
1101111000100110 5
1101111000100111 5
1101111000101000 9
1101111000101001 5
1101111000101010 5
1101111000101011 5
1101111000101100 5
1101111000101101 5
1101111000101110 5
1101111000101111 5
1101111000110000 9
1101111000110001 5
1101111000110010 5
1101111000110011 5
1101111000110100 28
1101111000110101 5
1101111000110110 5
1101111000110111 5
1101111000111000 5
1101111000111001 5
1101111000111010 5
1101111000111011 5
1101111000111100 5
1101111000111101 5
1101111000111110 5
1101111000111111 5
1101111001000000 6
1101111001000001 6
1101111001000010 6
1101111001000011 6
1101111001000100 6
1101111001000101 6
1101111001000110 6
1101111001000111 6
1101111001001000 6
1101111001001010 9
1101111001001011 9
11011110010011 9
110111100101000 9
1101111001010010 9
1101111001010100 9
110111100101011 9
110111100101100 9
1101111001011010 6
110111100101101 9
1101111001011011 6
11011110010111 9
110111100110 5
1101111001110 5
110111100111100 5
1101111001111010 5
1101111001111100 39
11011110100000 6
11011110100001 6
1101111010001 4
1101111010010 14
1101111010011000 16
1101111010011001 16
1101111010011100 5
1101111010011101 5
110111101001111 14
110111101010000 26
1101111010100010 26
1101111010100100 2
1101111010100110 14
1101111010100111 6
110111101010100 9
1101111010101101 9
110111101010111 9
1101111010110 9
11011110101110 6
1101111010111 9
11011110101111 6
11011110110000 6
1101111011000 25
110111101100010 6
1101111011000110 6
11011110110010 25
110111101100110 25
1101111011010 9
110111101101100 9
1101111011011010 6
1101111011011011 9
1101111011011100 9
110111101101110 9
1101111011011101 9
1101111011011110 6
110111101101111 6
1101111011011111 6
1101111011100010 1
1101111011100011 1
1101111011100100 18
1101111011100110 18
1101111011101 4
1101111011110000 6
1101111011110 9
1101111011110001 6
1101111011110010 6
1101111011110011 6
1101111011110100 6
1101111011111000 202
1101111011111010 5